1 0.860368703125 0.8533655 0.943029840625 0.8147112359375001 0.9450921234375 0.785219221875 0.93346943125 0.620624553125 0.8208252312500001 0.6259496312499999 0.82087493125 0.8341193515624999 0.860368703125 0.8533655
1 0.284947896875 0.392558325 0.2541328046875 0.3955529625 0.2674283515625 0.60462390625 0.2924942203125 0.6270153296875 0.31848219218749996 0.6001065734375 0.284947896875 0.392558325
1 0.0339241578125 1 0.1523682796875 0.804384584375 0.12240201718749999 0.1097973203125 0 0.09777205312500001 0 0.9605934046875 0.0023613046875000003 1 0.0339241578125 1
1 0.2465238078125 1 0.3378287328125 0.936440971875 0.32696477968750004 0.8033773703125 0.297024221875 0.6703807312500001 0.25978735468749997 0.641919209375 0.14695643125 0.665386215625 0.11823665624999999 0.7159670859375 0.16190594687499998 0.9583366984374999 0.18969944375 1 0.2465238078125 1
1 0.46503659218750004 1 0.627236475 0.9774261390625 0.6504972484375 0.9576257171875 0.636341334375 0.9026600234375 0.6556334171875 0.780927465625 0.5233754453125 0.7579263484375 0.40881955468750003 0.7777514359375 0.3433347625 0.8450949734375 0.3461937296875 1 0.46503659218750004 1
1 0.7601107796875 0.78466471875 0.7625383359375 0.5072500046874999 0.6602554265625 0.493017121875 0.54314334375 0.6594194984375 0.5537703484375001 0.833923940625 0.664874390625 0.8702210796875001 0.7601107796875 0.78466471875
1 0.800056634375 0.8307034124999999 0.8031484921875001 0.951908721875 0.9349629500000001 0.9300731437499999 0.952803396875 0.6749428640625 0.9434457859375 0.678759921875 0.9370543281250001 0.796109071875 0.8240424359375 0.8170132703125 0.800056634375 0.8307034124999999
1 0.30758187187499997 0.671499384375 0.3373490796875 0.7010004828125 0.41148387499999994 0.6699789796875 0.3953372890625 0.5868224234375 0.3068713609375 0.539610690625 0.30758187187499997 0.671499384375
1 0.39904878906249996 0.5319580562499999 0.40876357343749997 0.65224163125 0.495974215625 0.64010425625 0.4872876546875 0.5170895843750001 0.43859792343750004 0.5135139203125 0.39904878906249996 0.5319580562499999
1 0.342531709375 0.5010038375 0.32322191562499997 0.5425111171875 0.3306474390625 0.6268814078125 0.5890104 0.585748253125 0.5766871890624999 0.47359167500000005 0.342531709375 0.5010038375
0 0.419843 0.6636396312499999 0.4169302265625 0.684748940625 0.342433490625 0.710644834375 0.3053975078125 0.6821553546875 0.3374897953125 0.848496421875 0.403644659375 0.766825678125 0.552264690625 0.7513177546875001 0.5922678593749999 0.6318787515625 0.6309754921875 0.59802378125 0.6264397390625 0.5753631125 0.5937328734375 0.5902669921875 0.5010701296875 0.6083391375 0.5032360203125 0.6597975359375 0.419843 0.6636396312499999
0 0.802567209375 0.9494016265624999 0.79314526875 0.85754520625 0.648675021875 0.8854155531250001 0.65721614375 0.9696305859375001 0.802567209375 0.9494016265624999
2 0.81406033125 0.7795826359375 0.7693926359375001 0.785799178125 0.6708694000000001 0.8719747281249999 0.783881296875 0.8510705312500001 0.8167748796875 0.8180247187499999 0.81406033125 0.7795826359375
2 0.1813997296875 1 0.152508996875 0.9518805296874999 0.137821671875 0.84781695 0.0464503703125 1 0.1813997296875 1