1 1 0.5951202999999999 0.8988289437500001 0.5999185890625001 0.9158913375 0.8083739890625001 0.9570363234375 0.8276465500000001 1 0.8067718140625001 1 0.5951202999999999
1 0.3428149421875 0.36620698906250004 0.31218346874999997 0.36920573437500004 0.34259163125000003 0.578563596875 0.36953714843749996 0.6009857484375 0.3933775546875 0.5740400640625001 0.3428149421875 0.36620698906250004
1 0.0236915453125 0.36970145625 0.1125636890625 0.9974592296875 0.1293518296875 0.9965794015625 0.2436287234375 0.778598415625 0.1568381328125 0.0830579375 0.0043709078125 0.0682070796875 0.0236915453125 0.36970145625
1 0.3379834265625 0.61591008125 0.22684655 0.6394092921875 0.20220351406249998 0.6900595765624999 0.2657669859375 0.9327618046874999 0.30661460156250003 0.9872894531249999 0.338886696875 0.9855981437500001 0.44024927187499996 0.91083603125 0.4184891984375 0.77758981875 0.37762015625 0.6444106625 0.3379834265625 0.61591008125
1 0.7459749999999999 0.75510910625 0.611574953125 0.7320764234375 0.4984120515625 0.751928715625 0.43830100312500003 0.8193646734375 0.45433217031249995 0.9795479031250001 0.5859133796875 0.9726520234375 0.7335805171875001 0.9518774437499999 0.75526924375 0.9320498484374999 0.7365932015625 0.8770087234374999 0.7459749999999999 0.75510910625
1 0.8509650046875 0.7588514875000001 0.8307257578125 0.4810560640625 0.7270768078125001 0.46680365 0.623331621875 0.6334343890625 0.6482410140625 0.8081783109374999 0.7625317890625001 0.8445252609375 0.8509650046875 0.7588514875000001
1 1 0.7757911843749999 0.917667134375 0.7912444328125 0.89475258125 0.8049533640625001 0.9077560328125 0.9263250062499999 1 0.9108445921874999 1 0.7757911843749999
1 0.3882901671875 0.6455308515625 0.42052738125 0.675072434375 0.4922739921875 0.644008359375 0.4692994421875 0.5607376828125 0.3767996921875 0.5134611609374999 0.3882901671875 0.6455308515625
1 0.4685345328125 0.5057980234375 0.48809871562499996 0.6262466703125 0.5744904078124999 0.6140926375 0.5557332890625 0.490909146875 0.506654765625 0.4873285765625 0.4685345328125 0.5057980234375
1 0.4093756375 0.47480132499999994 0.39341971249999996 0.5163655656249999 0.40775509374999996 0.60085164375 0.66326889375 0.5596620390625 0.6417552843750001 0.44735154374999997 0.4093756375 0.47480132499999994
0 0.5001316140625 0.6376603125 0.49893821562499996 0.6587985890625 0.42641005625000006 0.684730021875 0.38697232656249997 0.6562014453125 0.43272242812500006 0.822770790625 0.4923339890625 0.740987965625 0.639981409375 0.725458759375 0.6703028125 0.6058558453125 0.7063204296875 0.5719544140624999 0.6999237468749999 0.549262646875 0.668370025 0.56418698125 0.5770004375 0.582283925 0.5833760406249999 0.63381294375 0.5001316140625 0.6376603125
0 0.90696870625 0.923814471875 0.8900211468749999 0.8318319921875 0.747542053125 0.8597405859375 0.7629825578125 0.9440711921875 0.90696870625 0.923814471875
2 0.904606225 0.7537624296875001 0.8603579828125 0.759987503125 0.7686820046875 0.8462813171875 0.8802096578124999 0.8253484312499999 0.9104678249999999 0.7922572703124999 0.904606225 0.7537624296875001
2 0.2977602890625 0.9877534875 0.25582377031250003 0.926296778125 0.23260275625000001 0.8220903843749999 0.14236963593750002 0.9958971671875 0.2977602890625 0.9877534875