1 0.8531841312499999 0.6483550234375001 0.8362509093750001 0.8569122124999999 0.8737342140625 0.8812401109374999 0.9627476953125 0.8517105171875 0.9650067046874999 0.6574138734375 0.8531841312499999 0.6483550234375001
1 0.34232204843749997 0.346062009375 0.3116062625 0.3451245765625 0.307697665625 0.5562771921875 0.3306573578125 0.5819125265625 0.35855075 0.5582752484375 0.34232204843749997 0.346062009375
1 0.0172523578125 0.7412316203125 0.0221796453125 0.952928025 0.177624215625 0.7417012125 0.20465612656249998 0.0420132109375 0.0335889453125 0.0025610375 0.0172523578125 0.7412316203125
1 0.350243596875 0.8976975093749999 0.3503560375 0.7630020984375 0.33159912187499996 0.625936165625 0.2970993421875 0.5926644078125001 0.18361212031250002 0.601756840625 0.151086225 0.6487605000000001 0.1744962046875 0.8971539046875 0.21419627968750002 0.9718094421875 0.350243596875 0.8976975093749999
1 0.5482844859375 0.7425652234375 0.4333886359375 0.747788653125 0.36314018593749997 0.8068878343750001 0.3522854515625 0.9790082437500001 0.5145477171875 0.9771186171874999 0.6395652515625 0.9712958328125 0.6576974515625 0.9588738296875 0.6481834531249999 0.9019986609374999 0.6771912906249999 0.782508378125 0.5482844859375 0.7425652234375
1 0.780198790625 0.7996025921875 0.8052306140625 0.52199018125 0.7052493265625001 0.49466153124999995 0.5758680953125 0.646403971875 0.5721406296875 0.8225858125000001 0.6790447015625001 0.87314628125 0.780198790625 0.7996025921875
1 1 0.7087220750000001 0.9701291671875 0.71693045625 0.9542357000000001 0.8336777468750001 0.8407785984375 0.8401795562500001 0.8159434171875001 0.8508298562500001 0.8096331125 0.9633747937500001 1 0.9545083140624999 1 0.7087220750000001
1 0.3419477890625 0.628405921875 0.3689763953125 0.6617646859375 0.44481526406249994 0.640159334375 0.4356325859375 0.554787325 0.35200460625 0.49618497968749997 0.3419477890625 0.628405921875
1 0.44377850468749996 0.5002967671875 0.44357229687500005 0.6220419125000001 0.530800653125 0.6210260937500001 0.5322464203124999 0.4966762375 0.48439130468749997 0.486872453125 0.44377850468749996 0.5002967671875
1 0.3904168484375 0.46206412500000005 0.367936228125 0.5011799906250001 0.368396071875 0.586653578125 0.6272337671875 0.578458740625 0.624197634375 0.46452216718750006 0.3904168484375 0.46206412500000005
0 0.45359833906249997 0.634876509375 0.44899595937500003 0.655652271875 0.3732173328125 0.67207638125 0.338918475 0.638802284375 0.35708290625 0.8095486421875 0.42916275937500004 0.7361816453125 0.577390725 0.739636 0.6266916046875 0.6250899343749999 0.66772949375 0.5961190453125 0.6650929624999999 0.572837309375 0.6315349453125 0.5835891921874999 0.5384311281249999 0.5898539765625 0.5363749171875 0.6416833421875 0.45359833906249997 0.634876509375
0 0.80861273125 0.96342231875 0.80691938125 0.8768376578125 0.66178640625 0.88629861875 0.663333121875 0.9701888265624999 0.80861273125 0.96342231875
2 0.83396136875 0.8014048796875001 0.7892846015625 0.8019251640625 0.6848297999999999 0.875669184375 0.7982869046875 0.869167378125 0.8335095671874999 0.8402642078125 0.83396136875 0.8014048796875001
2 0.20120238906250001 0.9641899484374999 0.1657307265625 0.8894851734375001 0.1596966203125 0.7833543281249999 0.022604096875 0.9711641609375 0.0226108359375 0.9714537296874999 0.3493701125 0.972825546875 0.3501532375 0.9054693765625 0.230188146875 0.9716232093749999 0.20120238906250001 0.9641899484374999